 &DYNINPUT
 EPSSPH  = (12.0000000000,0.000000000000000E+000),
 MUSPH   = (1.00000000000000,0.000000000000000E+000),
 EPSENV  = (1.00000000000000,0.000000000000000E+000),
 MUENV   = (1.00000000000000,0.000000000000000E+000),
 RAD     = (1.00000000000000,0.000000000000000E+000),
 LMAX    =           12,
 N0      =           10  ,
 NFFT    =       600,
 NSPLIT  =          1,
 NLIGHT  =         1,
 START1  =    0.916011221441 ,
 END1    =     0.9160112257   ,
 G0      =  1.0E-9,
 NVIBRA  =           1,
 STARTVIB        = 0.000000000670329015d0,
 ENDVIB  =  1.000000000000000E-006,
 GAMMA   = 0.00000000000,
 OPTOMECHANICAL  = F,
 OMEGA_RESONANCE =  0.916011221420000,
 SCALEFACTOR = 0.1973269804d0
 SCSFILE='breath.scs'
 /
