 &DYNINPUT
 EPSSPH  = (6.250000000000,0.000000000000000E+000),
 MUSPH   = (1.00000000000000,0.000000000000000E+000),
 EPSENV  = (1.00000000000000,0.000000000000000E+000),
 MUENV   = (1.00000000000000,0.000000000000000E+000),
 RAD     = (1.00000000000000,0.000000000000000E+000),
 LMAX    =           6,
 N0      =           10  ,
 NFFT    =       600,
 NSPLIT  =           1,
 NLIGHT  =         1,
 START1  =  2.00000000000000     ,
 END1    =  3.5000000000000     ,
 G0      =  0.02E-0,
 NVIBRA  =           1,
 STARTVIB        =  0.1d0,
 ENDVIB  =  1.000000000000000E-006,
 GAMMA   =  0.000000000000000E+000,
 OPTOMECHANICAL  = F,
 OMEGA_RESONANCE =  0.916011221420000,
 SCSFILE='breath.scs'
 /
